每幅图像的标定误差：
第1幅图像的平均误差为： 0.0469963像素
第2幅图像的平均误差为： 0.0766429像素
第3幅图像的平均误差为： 0.0556367像素
第4幅图像的平均误差为： 0.0692552像素
第5幅图像的平均误差为： 0.0569692像素
第6幅图像的平均误差为： 0.0721352像素
第7幅图像的平均误差为： 0.0694213像素
第8幅图像的平均误差为： 0.0598278像素
第9幅图像的平均误差为： 0.0810246像素
第10幅图像的平均误差为： 0.0782893像素
第11幅图像的平均误差为： 0.0693382像素
第12幅图像的平均误差为： 0.0690632像素
第13幅图像的平均误差为： 0.059898像素
第14幅图像的平均误差为： 0.025346像素
第15幅图像的平均误差为： 0.0286113像素
第16幅图像的平均误差为： 0.0258597像素
总体平均误差为： 0.0590197像素

相机内参数矩阵:
[640.6496513562538, 0, 319.4051331834634;
 0, 641.3254543538873, 238.0976204122528;
 0, 0, 1]

畸变系数：
[-0.03651462735638861, 0.3470364756706837, 0.007867400590965998, -0.002879643072168816, -0.9009857643404001]


第1幅图像的旋转矩阵为：
[0.9988138731507212, -0.002253976692497195, 0.04863914463397522;
 -0.02870645657241576, 0.7795998543369924, 0.625619697954593;
 -0.03932920228927977, -0.6262738911265661, 0.778610446334031]
第1幅图像的平移向量为：
[-90.77681414768298;
 -2.470260002327589;
 459.6549622823745]

第2幅图像的旋转矩阵为：
[0.9998835698162831, -0.01473203945628714, 0.003976660018705321;
 0.009906471879142476, 0.8249211839476718, 0.5651609523748782;
 -0.01160640454032728, -0.5650557559107154, 0.824971080757269]
第2幅图像的平移向量为：
[-59.72687322421422;
 -19.54240480366925;
 519.8497080022928]

第3幅图像的旋转矩阵为：
[0.9999075408502595, -0.00819200266063206, 0.01085360968502689;
 0.00163313897336721, 0.8647364476234753, 0.5022232660964904;
 -0.01349972621501567, -0.5021591055073488, 0.8646698735055934]
第3幅图像的平移向量为：
[-75.151453804726;
 -53.06120500313074;
 430.9995616419407]

第4幅图像的旋转矩阵为：
[0.996641435957401, 0.02431666779456361, 0.07819557404443472;
 -0.005475080421099961, 0.972544647697333, -0.2326519540636892;
 -0.08170600728925828, 0.2314424505198632, 0.969411429925503]
第4幅图像的平移向量为：
[-70.75805452698975;
 -96.8989594137027;
 396.681054230939]

第5幅图像的旋转矩阵为：
[0.9156354553711237, -0.02940115037797844, 0.4009330183755966;
 0.05160001392571349, 0.9976677889341953, -0.04468133263478268;
 -0.3986842753736108, 0.06159996168509702, 0.9150170999987998]
第5幅图像的平移向量为：
[-8.781098830155591;
 -102.7363926107356;
 432.413723584576]

第6幅图像的旋转矩阵为：
[0.8614764059292045, 0.07309036575436778, -0.5025099008588719;
 -0.04442793053560394, 0.996640915748064, 0.06879712236121455;
 0.5058503346006841, -0.03694162274119962, 0.8618298877931901]
第6幅图像的平移向量为：
[-109.9456280134455;
 -72.17543457169947;
 359.2843785471559]

第7幅图像的旋转矩阵为：
[-0.9956643438570643, -0.01708230407131213, -0.09143691409544029;
 0.02838297184980978, -0.9919066860188204, -0.1237559418376921;
 -0.08858284981109267, -0.1258146299870431, 0.9880909662579497]
第7幅图像的平移向量为：
[99.59768626743369;
 45.14300217914487;
 443.1090681679564]

第8幅图像的旋转矩阵为：
[-0.9453942464346964, 0.06601349558166408, 0.3191738354083277;
 -0.05643341507722884, -0.9976372502050614, 0.03918145819140617;
 0.3210062125113684, 0.01902985560568772, 0.9468858833696553]
第8幅图像的平移向量为：
[149.9413902923291;
 40.19580204621648;
 381.60241973883]

第9幅图像的旋转矩阵为：
[0.9761520803899244, 0.01067297678547659, -0.216825283389551;
 -0.07805153900047498, 0.9492565654660771, -0.3046636344876175;
 0.2025711559183088, 0.3143215876870119, 0.9274518134673284]
第9幅图像的平移向量为：
[-122.0783007298047;
 -79.29201688632939;
 305.836422197463]

第10幅图像的旋转矩阵为：
[0.9990231870194253, 0.04374304533497255, -0.006262410268659584;
 -0.04150719917306656, 0.9775404137412855, 0.2066201633900325;
 0.01515995429933279, -0.2061583990220599, 0.9784011908712618]
第10幅图像的平移向量为：
[-94.19677986780907;
 -77.51568779954664;
 405.628153271233]

第11幅图像的旋转矩阵为：
[0.9995141619899643, 0.003988253364342849, 0.03091171002389026;
 -0.005396464669260693, 0.9989448725105365, 0.04560723466711333;
 -0.03069720102179824, -0.04575189088998979, 0.9984810695899135]
第11幅图像的平移向量为：
[-90.08237822036847;
 -93.61212930700137;
 416.3391735508933]

第12幅图像的旋转矩阵为：
[0.9248616461960809, 0.005679850122548066, 0.3802613242206739;
 -0.01964468336641747, 0.9992670974154307, 0.03285353007476097;
 -0.3797960265865195, -0.03785508321910564, 0.924295391562441]
第12幅图像的平移向量为：
[-13.88991547443763;
 -88.4822863856144;
 467.9394561638563]

第13幅图像的旋转矩阵为：
[0.9762412989357008, -0.01428033821848899, -0.2162151664261812;
 0.01516921315804834, 0.9998819343578937, 0.00245200262692449;
 0.2161546234168989, -0.00567356017702415, 0.9763426598742966]
第13幅图像的平移向量为：
[-126.6911917381904;
 -94.64462144889289;
 406.7646693699431]

第14幅图像的旋转矩阵为：
[0.9995251342887294, -0.02852379931354418, -0.01165756397444342;
 0.03025775722958049, 0.9800940486402706, 0.1962144845503478;
 0.005828726493270577, -0.1964740407602072, 0.9804917017776453]
第14幅图像的平移向量为：
[-8.243241019327893;
 -105.5157700432046;
 991.6813714508422]

第15幅图像的旋转矩阵为：
[0.9995544199270775, -0.02929184451957594, -0.005740161050400349;
 0.02984757354705875, 0.9789845895616999, 0.2017381861573633;
 -0.0002897543726384992, -0.2018196255207879, 0.97942266402052]
第15幅图像的平移向量为：
[-8.225785468674646;
 -106.3274075382619;
 993.2974009609082]

第16幅图像的旋转矩阵为：
[0.9994205612238943, -0.03240195279873873, -0.01042378327405385;
 0.03385249794308869, 0.9781080019605668, 0.2053259479065442;
 0.003542624158630654, -0.2055598451924306, 0.978638135297483]
第16幅图像的平移向量为：
[-14.12873448724742;
 -108.7381502670217;
 991.5297036937055]


