%YAML:1.0
---
R: !!opencv-matrix
   rows: 3
   cols: 3
   dt: d
   data: [ 9.9983192054923098e-01, 3.5913157525837651e-03,
       -1.7978684657154582e-02, -3.9033990553826582e-03,
       9.9984179504030657e-01, -1.7353626894458307e-02,
       1.7913517986442522e-02, 1.7420888087088800e-02,
       9.9968776051905650e-01 ]
T: !!opencv-matrix
   rows: 3
   cols: 1
   dt: d
   data: [ 6.7819718284367255e+01, -1.0943022862264661e+01,
       -6.5816996836175960e+01 ]
Rl: !!opencv-matrix
   rows: 3
   cols: 3
   dt: d
   data: [ 7.0079654057211094e-01, -1.2449688114829272e-01,
       -7.0241350734913210e-01, 1.1739110372224076e-01,
       9.9135599077873870e-01, -5.8588636389483910e-02,
       7.0363594101568983e-01, -4.1398383198537309e-02,
       7.0935367510115255e-01 ]
Rr: !!opencv-matrix
   rows: 3
   cols: 3
   dt: d
   data: [ 7.1286011441161001e-01, -1.1502325174654972e-01,
       -6.9180930091949178e-01, 1.2198499169424266e-01,
       9.9175765435695418e-01, -3.9197153286272671e-02,
       6.9061575357243454e-01, -5.6448264650402313e-02,
       7.2101558536243604e-01 ]
Pl: !!opencv-matrix
   rows: 3
   cols: 4
   dt: d
   data: [ 5.0045736678329985e+02, 0., 8.1716958236694336e+02, 0., 0.,
       5.0045736678329985e+02, 2.6393455356359482e+02, 0., 0., 0., 1.,
       0. ]
Pr: !!opencv-matrix
   rows: 3
   cols: 4
   dt: d
   data: [ 5.0045736678329985e+02, 0., 8.1716958236694336e+02,
       4.7612255114868101e+04, 0., 5.0045736678329985e+02,
       2.6393455356359482e+02, 0., 0., 0., 1., 0. ]
Q: !!opencv-matrix
   rows: 4
   cols: 4
   dt: d
   data: [ 1., 0., 0., -8.1716958236694336e+02, 0., 1., 0.,
       -2.6393455356359482e+02, 0., 0., 0., 5.0045736678329985e+02, 0.,
       0., -1.0511104033528958e-02, 0. ]
