%YAML:1.0
---
cameraMatrixL: !!opencv-matrix
   rows: 3
   cols: 3
   dt: d
   data: [ 4.9130229350091770e+02, 0., 3.3033871926526746e+02, 0.,
       5.0045736678329985e+02, 2.9839466785720509e+02, 0., 0., 1. ]
cameraDistcoeffL: !!opencv-matrix
   rows: 1
   cols: 5
   dt: d
   data: [ 5.8784692487834089e-01, -6.0394753509386820e+00,
       3.4281672467181494e-02, 2.7234645631632683e-03,
       2.4617563183353223e+01 ]
cameraMatrixR: !!opencv-matrix
   rows: 3
   cols: 3
   dt: d
   data: [ 4.9130229350091770e+02, 0., 3.3033871926526746e+02, 0.,
       5.0045736678329985e+02, 2.9839466785720509e+02, 0., 0., 1. ]
cameraDistcoeffR: !!opencv-matrix
   rows: 1
   cols: 5
   dt: d
   data: [ 5.8784692487834089e-01, -6.0394753509386820e+00,
       3.4281672467181494e-02, 2.7234645631632683e-03,
       2.4617563183353223e+01 ]
